47,35
3,2
3,1
3,3
10,178
10,104
10,280
10,20
10,136
10,298
10,174
10,1
10,10
10,2
10,3
11,22
11,8
11,26
11,12
11,14
11,24
11,10
11,1
11,4
11,2
11,3
9,7
9,4
9,1
9,6
9,2
9,3
8,4
8,8
8,13
8,18
8,6
8,1
8,15
8,2
8,3
12,2
12,1
12,3
20,2
20,1
20,3
19,2
19,1
19,3
18,1
18,3
35,12
2,2
35,8
35,3
35,5
35,1
35,4
13,1
13,3
2,1
2,3
14,1
14,4
14,3
0,0
34,123
34,3
34,1
34,4
0,318
0,9
47,34
47,33
47,32
47,31
47,30
47,29
47,28
47,27
47,26
47,25
47,24
47,23
47,22
47,21
47,20
47,19
47,18
47,17
47,16
47,15
47,14
47,13
47,12
47,11
47,10
47,9
47,8
47,7
47,6
